0000000000000000000000000000000000000000000000000000000000000000000000000000000000000000000000000000
0000000000000000000000000000000000000000000000000000000000000000000000000000000000000000000000000000
0000000000000000000000000000000000000000000000000000000000000000000000000000000000000000000000000000
0000000000000000000000000000000000000000000000000000000000000000000000000000000000000000000000000000
0000000000000000000000000000000000000000000000000000000000000000000000000000000000000000000000000000
0000000000000000000000000000000000000000000000000000000000000000000000000000000000000000000000000000
0000000000000000000000000000000000000000000000000000000000000000000000000000000000000000000000000000
0000000000000000000000000000000000000000000000000000000000000000000000000000000000000000000000000000
0000000000000000000000000000000000000000000000000000000000000000000000000000000000000000000000000000
0000000000000000000000000000000000000000000000000000000000000000000000000000000000000000000000000000
0000000000000000011100000000000000000000000011100000011100000000000000000000000111100000000000000000
0000000000000000011100000000000000000000000011100000011100000000000000000000000111100000000000000000
0000000000000000011110000000000000000000000011100000011100000000000000000000000111100000000000000000
0000000000000000011111000000000000000000000011100000011100000000000000000000001111100000000000000000
0000000000000000011111100000000000110000000011100000011100000000000000000000111110000000000000000000
0000000000000000011101110000000001100000000011100000011100000000000000000011111000000000000000000000
0000000000000000011100111000000000100000000011100000011100000000000000001111100000000000000000000000
0000000000000000011100011100000000000000000011100000011100000000000000111110000000000000000000000000
0000000000000000011100001110000000000000000011100000011100000000000011111000000000000000000000000000
0000000000000000011100000111000000000000000011100000011100000000001111100000000000000000000000000000
0000000000000000011100000011100000000000000011100000011100000000111110000000000000000000000000000000
0000000000000000011100000001110000000000000011100000011100000011111000000000000000000000000000000000
0000000000000000011100000000111000000000000011100000011100001111100000001100000000000000000000000000
0000000000000000011100000000011100000000000011100000011100111110000000011000000000000000000000000000
0000000000000000011100000000001110000000000011100000011111110000000000001000000000000000000000000000
0000000000000000011100000000000111000000000011100000011111110000000000000000000000000000000000000000
0000000000000000011100000000000011100000000011100000011100111110000000000000000000000000000000000000
0000000000000000011100000000000001110000000011100000011100001111100000000000000000010000000000000000
0000000000000000011100000000000000111000000011100000011100000011111000000000000000110000000000000000
0000000000000000011100000000000000011100000011100000011100000000111110000000000000011000000000000000
0000000000000000011100000000000000001110000011100000011100000000001111100000000000000000000000000000
0000000000000000011100000000000000000111000011100000011100000000000011111000000000000000000000000000
0000000000000000011100000000000000000011100011100000011100000000000000111110000000000000000000000000
0000000000000000011100000011000000000001110011100000011100000000000000001111100000000000000000000000
0000000000000000011100000110000000000000111011100000011100000000000000000011111000000000000000000000
0000000000000000011100000010000000000000011111100000011100000000000000000000111110000000000000000000
0000000000000000011100000000000000000000001111100000011100000001100000000000001111100000000000000000
0000000000000000011100000000000000000000000111100000011100000011000000000000000111100000000000000000
0000000000000000011100000000000000000000000011100000011100000001000000000000000111100000000000000000
0000000000000000011100000000000000000000000011100000011100000000000000000000000111100000000000000000
0000000000000000000000000000000000000000000000000000000000000000000000000000000000000000000000000000
0000000000000000000000000000000000000000000000000000000000000000000000000000000000000000000000000000
0000000000000000000000000000000000000000000000000000000000000000000000000000000000000000000000000000
0000000000000000000000000000000000000000000000000000000000000000000000000000000000000000000000000000
0000000000000000000000000000000000000000000000000000000000000000000000000000000000000000000000000000
0000000000000000000000000000000000000000000000000000000000000000000000000000000000000000000000000000
0000000000000000000000000000000000000000000000000000000000000000000000000000000000000000000000000000
0000000000000000000000000000000000000000000000000000000000000000000000000000000000000000000000000000
0000000000000000000000000000000000000000000000000000000000000000000000000000000000000000000000000000
0000000000000000000000000000000000000000000000000000000000000000000000000000000000000000000000000000